1.0 0.19727756020622741 0.05544745771270366 0.08603140339035503 0.12007328270456538 -0.06046477066504093 0.08505989490674919 0.036291702098424014 0.04028098184705597 0.016965419325889037 0.01975985484911613 0.006954533510083207 0.11763768901086558 -0.08317760655794684 0.02580104045388366 -0.05564242485898738 0.0395719733847835 -0.09403862961184423 0.010010286073382673 -0.051462015614645015 0.09915467948514833 -0.03488483831517484 -0.1522823808242315 0.08712210573828143 0.00023035821967852502 0.015356635972741953 
0.19727756020622741 1.0 -0.02352808486593267 0.10696809776451072 -0.00562165812054106 0.050985019923786734 -0.09739307525411386 0.13116052378692075 -0.008858737008500492 0.11493569426403945 -0.07874460025744241 0.14123331816205378 -0.07902880892729794 0.15375647170177933 -0.1353473733041152 0.03506931295849398 -0.07145773658105892 0.012915327059193417 -0.15759240433199903 -0.008765900492995974 -0.07442263342728313 -0.010576409088852776 0.0685428219069809 0.0602810282483138 0.020037737601637372 -0.03633051723957322 
0.05544745771270366 -0.02352808486593267 1.0 0.16400577582862233 0.836833987799137 -0.0025088638346707653 0.8924022848040956 -0.028550233761140173 0.8770010637224357 0.09786122745550535 0.885246874424941 -0.014781879152843002 0.6547687219796956 -0.6150449342740415 0.8387050298607014 0.13518235059113895 0.8254133077068005 -0.006441302468290189 0.8447766103740282 0.07175559987887761 0.6828543007302303 -0.15057444593053956 -0.3454814705077254 -0.087653525279723 -0.07620992311042314 0.5713329634084081 
0.08603140339035503 0.10696809776451072 0.16400577582862233 1.0 0.2698392410104881 0.7975354311425102 0.2532299444547711 0.8446769246046669 0.10617953977190796 0.8803585383281953 0.20579697290772483 0.3032582540109505 0.31614128109688666 0.24512618286704702 0.02139701958060088 0.8011221382476632 -0.030053044974930592 0.7361959167489787 0.11526334612777082 0.7640012422844504 0.34078794677386487 -0.29395685350087525 0.2741260281363206 0.20493247962999703 -0.021057258305200523 0.6391245086873109 
0.12007328270456538 -0.00562165812054106 0.836833987799137 0.2698392410104881 1.0 -0.1656100527395527 0.7352454755408445 0.12149665659506458 0.7620660467365026 0.2315628655358881 0.7205501939893602 0.029595200744804158 0.801186049647652 -0.5803718043069057 0.6636600877251343 0.22921189457755364 0.5781908359057235 0.06853418002510157 0.6755346067286859 0.15734630111423858 0.79224738997056 -0.1330283266091835 -0.5052908251942396 0.05249513371934473 -0.06972135706085042 0.5826324317499244 
-0.06046477066504093 0.050985019923786734 -0.0025088638346707653 0.7975354311425102 -0.1656100527395527 1.0 0.13731869155082962 0.678326392032654 -0.04730410734128319 0.7214351172163869 0.11040930692514392 0.25027068974267047 -0.009670326249005864 0.3899330383404647 -0.051421855463125984 0.6905843277004688 -0.04102326468289592 0.6797772242228591 0.05454439962426071 0.6764668058169908 0.0337029019384671 -0.2556460024532606 0.5849106142804882 0.0691904579763331 -0.005367591942820595 0.49915419085709545 
0.08505989490674919 -0.09739307525411386 0.8924022848040956 0.2532299444547711 0.7352454755408445 0.13731869155082962 1.0 -0.011233912964697617 0.8527777372888367 0.12273736991180251 0.8881689209631548 -0.06635522393266044 0.686882481327802 -0.6476722569497899 0.8473741554702078 0.1726239612837908 0.7952834975793588 0.044426773693871206 0.9013235914141964 0.13460213158464174 0.6994199303075528 -0.18997440047087902 -0.2817177407162986 -0.10077561460230625 -0.10230978604084125 0.6459085276081566 
0.036291702098424014 0.13116052378692075 -0.028550233761140173 0.8446769246046669 0.12149665659506458 0.678326392032654 -0.011233912964697617 1.0 -0.14045725122893338 0.8989782935773487 -0.050062493827391676 0.3754221736321565 0.0768330151685689 0.5149120932956289 -0.25009049101496883 0.8326849969369314 -0.28322805489571723 0.8288219012703989 -0.19526972445750315 0.8335379670890589 0.11823718113552406 -0.23327429459905386 0.35619198568534466 0.26318773071268053 0.01704109417790379 0.4143979541028364 
0.04028098184705597 -0.008858737008500492 0.8770010637224357 0.10617953977190796 0.7620660467365026 -0.04730410734128319 0.8527777372888367 -0.14045725122893338 1.0 -0.04865037295725392 0.8718134820704415 -0.0764893051412217 0.6523496956043169 -0.7031486044445682 0.8777628929181067 0.04352677658624088 0.7962558546934525 -0.09519217499585311 0.889439161115114 -0.025549008224998917 0.6634787040945893 -0.07529190081215924 -0.3886024047760873 -0.18574654847347177 -0.10476838916438196 0.5195039490572798 
0.016965419325889037 0.11493569426403945 0.09786122745550535 0.8803585383281953 0.2315628655358881 0.7214351172163869 0.12273736991180251 0.8989782935773487 -0.04865037295725392 1.0 0.09181190237778727 0.3525909716727472 0.2590472341801299 0.39217771802805235 -0.13120362355870077 0.8943012558776028 -0.16706636093139954 0.8472590416031673 -0.04451759041968648 0.8565910880461041 0.29330708892092144 -0.25074750988689976 0.33681262506695786 0.3001923380956384 0.0026363535886696535 0.6165075507342836 
0.01975985484911613 -0.07874460025744241 0.885246874424941 0.20579697290772483 0.7205501939893602 0.11040930692514392 0.8881689209631548 -0.050062493827391676 0.8718134820704415 0.09181190237778727 1.0 0.03278553529811259 0.6291606171227269 -0.6323838130350926 0.8706242041463309 0.14890539907862133 0.8249806047573622 0.01638750625841403 0.9110551179996971 0.07230788483229662 0.6513347325050188 -0.17099884198820936 -0.2739528399669501 -0.14501122403575428 -0.0841644867901847 0.5883927103324196 
0.006954533510083207 0.14123331816205378 -0.014781879152843002 0.3032582540109505 0.029595200744804158 0.25027068974267047 -0.06635522393266044 0.3754221736321565 -0.0764893051412217 0.3525909716727472 0.03278553529811259 1.0 -0.07833716063053847 0.2637965315385104 -0.14282335342070407 0.3258075791537757 -0.08699061100548759 0.3598396388653361 -0.1385089762752366 0.27219710285323795 -0.05309044614889124 -0.11932744645257491 0.18594102872519938 0.08204350511846453 -0.013133304651302389 0.07816399522712895 
0.11763768901086558 -0.07902880892729794 0.6547687219796956 0.31614128109688666 0.801186049647652 -0.009670326249005864 0.686882481327802 0.0768330151685689 0.6523496956043169 0.2590472341801299 0.6291606171227269 -0.07833716063053847 1.0 -0.6721369938753531 0.6190848570781673 0.2560765180363409 0.4828354987574187 0.07372137753382091 0.6671770009124963 0.18442429906233984 0.9747784598221286 -0.14164282177158102 -0.5691189615944697 0.16918510353164698 -0.08131270179474666 0.764241764326139 
-0.08317760655794684 0.15375647170177933 -0.6150449342740415 0.24512618286704702 -0.5803718043069057 0.3899330383404647 -0.6476722569497899 0.5149120932956289 -0.7031486044445682 0.39217771802805235 -0.6323838130350926 0.2637965315385104 -0.6721369938753531 1.0 -0.7539729791284052 0.3572216132531323 -0.6658689605829738 0.4895803191793644 -0.7389402178040315 0.3919434386649904 -0.641572646657821 -0.06581415686577832 0.7185867020619806 0.09831665767707132 0.10870544660474064 -0.2604264566045849 
0.02580104045388366 -0.1353473733041152 0.8387050298607014 0.02139701958060088 0.6636600877251343 -0.051421855463125984 0.8473741554702078 -0.25009049101496883 0.8777628929181067 -0.13120362355870077 0.8706242041463309 -0.14282335342070407 0.6190848570781673 -0.7539729791284052 1.0 -0.033947847985067794 0.8821232299283469 -0.2099608284771019 0.9447764305796019 -0.07768977374133522 0.6312995388048728 -0.0977238808462388 -0.4112132441045388 -0.18589205948779178 -0.11008852477424896 0.4666643124462427 
-0.05564242485898738 0.03506931295849398 0.13518235059113895 0.8011221382476632 0.22921189457755364 0.6905843277004688 0.1726239612837908 0.8326849969369314 0.04352677658624088 0.8943012558776028 0.14890539907862133 0.3258075791537757 0.2560765180363409 0.3572216132531323 -0.033947847985067794 1.0 -0.12410228785877758 0.883983968549998 0.028054751673515742 0.8586863705412782 0.29422249592809285 -0.26584970706804434 0.3785190870538985 0.21297871259400447 -0.007184465920654587 0.6418570327268276 
0.0395719733847835 -0.07145773658105892 0.8254133077068005 -0.030053044974930592 0.5781908359057235 -0.04102326468289592 0.7952834975793588 -0.28322805489571723 0.7962558546934525 -0.16706636093139954 0.8249806047573622 -0.08699061100548759 0.4828354987574187 -0.6658689605829738 0.8821232299283469 -0.12410228785877758 1.0 -0.20953237875686195 0.8693377131815009 -0.15682004491774038 0.5028497203808463 -0.16285461395106665 -0.30043754231045267 -0.21887597613872978 -0.0600981094725086 0.3918392489411196 
-0.09403862961184423 0.012915327059193417 -0.006441302468290189 0.7361959167489787 0.06853418002510157 0.6797772242228591 0.044426773693871206 0.8288219012703989 -0.09519217499585311 0.8472590416031673 0.01638750625841403 0.3598396388653361 0.07372137753382091 0.4895803191793644 -0.2099608284771019 0.883983968549998 -0.20953237875686195 1.0 -0.11301353142502338 0.8558118564679196 0.11716423278914845 -0.2255912253202188 0.48735452057206247 0.20237993489859016 0.04617802639232097 0.5017814564345484 
0.010010286073382673 -0.15759240433199903 0.8447766103740282 0.11526334612777082 0.6755346067286859 0.05454439962426071 0.9013235914141964 -0.19526972445750315 0.889439161115114 -0.04451759041968648 0.9110551179996971 -0.1385089762752366 0.6671770009124963 -0.7389402178040315 0.9447764305796019 0.028054751673515742 0.8693377131815009 -0.11301353142502338 1.0 -0.008683405518718386 0.6682183908107749 -0.15682769127102672 -0.31884837435486596 -0.1777563791000033 -0.10391520073392085 0.5815165252036376 
-0.051462015614645015 -0.008765900492995974 0.07175559987887761 0.7640012422844504 0.15734630111423858 0.6764668058169908 0.13460213158464174 0.8335379670890589 -0.025549008224998917 0.8565910880461041 0.07230788483229662 0.27219710285323795 0.18442429906233984 0.3919434386649904 -0.07768977374133522 0.8586863705412782 -0.15682004491774038 0.8558118564679196 -0.008683405518718386 1.0 0.22328155131637636 -0.183739299394205 0.3593770321179643 0.2386545617729442 0.00866674264781591 0.5403373793605227 
0.09915467948514833 -0.07442263342728313 0.6828543007302303 0.34078794677386487 0.79224738997056 0.0337029019384671 0.6994199303075528 0.11823718113552406 0.6634787040945893 0.29330708892092144 0.6513347325050188 -0.05309044614889124 0.9747784598221286 -0.641572646657821 0.6312995388048728 0.29422249592809285 0.5028497203808463 0.11716423278914845 0.6682183908107749 0.22328155131637636 1.0 -0.14325812126230963 -0.5741863663255313 0.1929399482605889 -0.07736748251902185 0.7906642546793656 
-0.03488483831517484 -0.010576409088852776 -0.15057444593053956 -0.29395685350087525 -0.1330283266091835 -0.2556460024532606 -0.18997440047087902 -0.23327429459905386 -0.07529190081215924 -0.25074750988689976 -0.17099884198820936 -0.11932744645257491 -0.14164282177158102 -0.06581415686577832 -0.0977238808462388 -0.26584970706804434 -0.16285461395106665 -0.2255912253202188 -0.15682769127102672 -0.183739299394205 -0.14325812126230963 1.0 -0.09201646503964074 -0.2350322613054004 0.04031485896234385 -0.24410303311864062 
-0.1522823808242315 0.0685428219069809 -0.3454814705077254 0.2741260281363206 -0.5052908251942396 0.5849106142804882 -0.2817177407162986 0.35619198568534466 -0.3886024047760873 0.33681262506695786 -0.2739528399669501 0.18594102872519938 -0.5691189615944697 0.7185867020619806 -0.4112132441045388 0.3785190870538985 -0.30043754231045267 0.48735452057206247 -0.31884837435486596 0.3593770321179643 -0.5741863663255313 -0.09201646503964074 1.0 -0.1764583341581593 0.08312504209547018 0.036509324646713436 
0.08712210573828143 0.0602810282483138 -0.087653525279723 0.20493247962999703 0.05249513371934473 0.0691904579763331 -0.10077561460230625 0.26318773071268053 -0.18574654847347177 0.3001923380956384 -0.14501122403575428 0.08204350511846453 0.16918510353164698 0.09831665767707132 -0.18589205948779178 0.21297871259400447 -0.21887597613872978 0.20237993489859016 -0.1777563791000033 0.2386545617729442 0.1929399482605889 -0.2350322613054004 -0.1764583341581593 1.0 -0.007515828580056266 0.1259261904717232 
0.00023035821967852502 0.020037737601637372 -0.07620992311042314 -0.021057258305200523 -0.06972135706085042 -0.005367591942820595 -0.10230978604084125 0.01704109417790379 -0.10476838916438196 0.0026363535886696535 -0.0841644867901847 -0.013133304651302389 -0.08131270179474666 0.10870544660474064 -0.11008852477424896 -0.007184465920654587 -0.0600981094725086 0.04617802639232097 -0.10391520073392085 0.00866674264781591 -0.07736748251902185 0.04031485896234385 0.08312504209547018 -0.007515828580056266 1.0 -0.04219432331202844 
0.015356635972741953 -0.03633051723957322 0.5713329634084081 0.6391245086873109 0.5826324317499244 0.49915419085709545 0.6459085276081566 0.4143979541028364 0.5195039490572798 0.6165075507342836 0.5883927103324196 0.07816399522712895 0.764241764326139 -0.2604264566045849 0.4666643124462427 0.6418570327268276 0.3918392489411196 0.5017814564345484 0.5815165252036376 0.5403373793605227 0.7906642546793656 -0.24410303311864062 0.036509324646713436 0.1259261904717232 -0.04219432331202844 1.0 
