1.0 0.21126255149352072 0.9139032817047934 0.811948904929185 0.42252327586875404 0.6616761895618605 0.900563043632965 0.819555874900148 
0.21126255149352072 1.0 0.3468847971631465 -0.05423116266461839 0.04191979820617754 -0.199194580500053 0.20137852200868664 -0.17265968019450828 
0.9139032817047934 0.3468847971631465 1.0 0.7095601075967214 0.5088993292069257 0.5522432822867677 0.7760425879730464 0.6567079067261672 
0.811948904929185 -0.05423116266461839 0.7095601075967214 1.0 0.3446087307808011 0.6338520304856777 0.8787198839341234 0.9071926154555255 
0.42252327586875404 0.04191979820617754 0.5088993292069257 0.3446087307808011 1.0 -0.03011271141666784 0.2557961774032263 0.23788694393446005 
0.6616761895618605 -0.199194580500053 0.5522432822867677 0.6338520304856777 -0.03011271141666784 1.0 0.5556159967568055 0.708835323683837 
0.900563043632965 0.20137852200868664 0.7760425879730464 0.8787198839341234 0.2557961774032263 0.5556159967568055 1.0 0.8513807079362705 
0.819555874900148 -0.17265968019450828 0.6567079067261672 0.9071926154555255 0.23788694393446005 0.708835323683837 0.8513807079362705 1.0 
